1200 1201 1202
1201 1202 1203
1202 1203 1204
1203 1204 1205
1204 1205 1206
1205 1206 1207
1206 1207 1208
1207 1208 1209
1208 1209 1210
1209 1210 1211
1210 1211 1212
1211 1212 1213
1212 1213 1214
1213 1214 1215
1214 1215 1216
1215 1216 1217
1216 1217 1218
1217 1218 1219
1218 1219 1220
1219 1220 1221
1220 1221 1222
1221 1222 1223
1222 1223 1224
1223 1224 1225
1224 1225 1226
1225 1226 1227
1226 1227 1228
1227 1228 1229
1228 1229 1230
1229 1230 1231
1230 1231 1232
1231 1232 1233
1232 1233 1234
1233 1234 1235
1234 1235 1236
1235 1236 1237
1236 1237 1238
1237 1238 1239
1238 1239 1240
1239 1240 1241
1240 1241 1242
1241 1242 1243
1242 1243 1244
1243 1244 1245
1244 1245 1246
1245 1246 1247
1246 1247 1248
1247 1248 1249
1248 1249 1250
1249 1250 1251
1250 1251 1252
1251 1252 1253
1252 1253 1254
1253 1254 1255
1254 1255 1256
1255 1256 1257
1256 1257 1258
1257 1258 1259
1258 1259 1260
1259 1260 1261
1260 1261 1262
1261 1262 1263
1262 1263 1264
1263 1264 1265
1264 1265 1266
1265 1266 1267
1266 1267 1268
1267 1268 1269
1268 1269 1270
1269 1270 1271
1270 1271 1272
1271 1272 1273
1272 1273 1274
1273 1274 1275
1274 1275 1276
1275 1276 1277
1276 1277 1278
1277 1278 1279
1278 1279 1280
1279 1280 1281
1280 1281 1282
1281 1282 1283
1282 1283 1284
1283 1284 1285
1284 1285 1286
1285 1286 1287
1286 1287 1288
1287 1288 1289
1288 1289 1290
1289 1290 1291
1290 1291 1292
1291 1292 1293
1292 1293 1294
1293 1294 1295
1294 1295 1296
1295 1296 1297
1296 1297 1298
1297 1298 1299
1298 1299 1300

