399 400 401
400 401 402
401 402 403
402 403 404
403 404 405
404 405 406
405 406 407
406 407 408
407 408 409
408 409 410
409 410 411
410 411 412
411 412 413
412 413 414
413 414 415
414 415 416
415 416 417
416 417 418
417 418 419
418 419 420
419 420 421
420 421 422
421 422 423
422 423 424
423 424 425
424 425 426
425 426 427
426 427 428
427 428 429
428 429 430
429 430 431
430 431 432
431 432 433
432 433 434
433 434 435
434 435 436
435 436 437
436 437 438
437 438 439
438 439 440
439 440 441
440 441 442
441 442 443
442 443 444
443 444 445
444 445 446
445 446 447
446 447 448
447 448 449
448 449 450
449 450 451
450 451 452
451 452 453
452 453 454
453 454 455
454 455 456
455 456 457
456 457 458
457 458 459
458 459 460
459 460 461
460 461 462
461 462 463
462 463 464
463 464 465
464 465 466
465 466 467
466 467 468
467 468 469
468 469 470
469 470 471
470 471 472
471 472 473
472 473 474
473 474 475
474 475 476
475 476 477
476 477 478
477 478 479
478 479 480
479 480 481
480 481 482
481 482 483
482 483 484
483 484 485
484 485 486
485 486 487
486 487 488
487 488 489
488 489 490
489 490 491
490 491 492
491 492 493
492 493 494
493 494 495
494 495 496
495 496 497
496 497 498
497 498 499
498 499 500
499 500 501
